Ἡ

1111 11 1111111119 heeft 1 11111111 11 11111 1119111 met
111911111111111101111111191,1866)1111111111111191111911.11-
1111 111 111111 hier telende biJ' het 1111111111111 worden' 1191-
111111, 111 11111119111 11111111111191111.

111111111111119,1111111111111119111111111111111111111111111
1111111111111111111111111111111·11.11111111111 111111119111111
1111111111111ι; (11111111911911111111,1111111119111111 wel
111 1111 1111111 1111111 1111111111 11111 11 11111111 te 111111,
111111 111 11 1111111 91111111 11 11119 11 1111111119 111 de
tweede syllebe 111 111 111111· 119 111 11 1111111· 11 1111111111111
11 nemen, 111 1111111111 1111111119 1111111111, 11111111 1111111111
11911111111111111111111111111111911111111111111.

011119111· 11 111 111111 11111111 11111111,11111111Ρ111111111-
schen kennis 11111111,11111111 1111111111 1111111111111111111111
1111111 hebben 111111 11111111,11111111111111111111111-
1111111 11 1111111911 111111119111111111111111 9111111111 111
1111111911 11111111Η1111111 1111111 1111111119,111 111111
111111 1111 11111· 11 11 1111111111191111 1111911.

11111.11111111111111111111111111911111,1111111111-11
’ 1111 (111 1111111 biJ' te 11111,11111111111111111111111111111
1111111119.

1111111111,14Ν11111111111.876 1. 11. 1111111111.

 

